[gd_scene load_steps=14 format=3 uid="uid://msojwnbjpyyo"]

[ext_resource type="Texture2D" uid="uid://4hy2gmncru5f" path="res://Textures/TestPlane.png" id="1_680wa"]
[ext_resource type="Script" path="res://Scripts/Player.gd" id="2_bsqbg"]
[ext_resource type="Script" path="res://Scripts/Camera/Camera.gd" id="2_gtoh7"]
[ext_resource type="Script" path="res://Scripts/Camera/CamTrigStatic.gd" id="4_vont0"]

[sub_resource type="ProceduralSkyMaterial" id="ProceduralSkyMaterial_s6jvf"]
sky_top_color = Color(0.501961, 0.792157, 0.968627, 1)
sky_horizon_color = Color(0.693936, 0.760322, 0.840403, 1)
ground_bottom_color = Color(0.266667, 0.282353, 0.133333, 1)
ground_horizon_color = Color(0.556863, 0.698039, 0.568627, 1)
ground_curve = 0.0292818
sun_angle_max = 5.11
sun_curve = 1.04466

[sub_resource type="Sky" id="Sky_indww"]
sky_material = SubResource("ProceduralSkyMaterial_s6jvf")

[sub_resource type="Environment" id="Environment_darlv"]
background_mode = 2
sky = SubResource("Sky_indww")

[sub_resource type="WorldBoundaryShape3D" id="WorldBoundaryShape3D_pcbc6"]

[sub_resource type="StandardMaterial3D" id="StandardMaterial3D_qclnt"]
albedo_texture = ExtResource("1_680wa")

[sub_resource type="PlaneMesh" id="PlaneMesh_e5fn1"]
size = Vector2(20, 20)

[sub_resource type="CapsuleShape3D" id="CapsuleShape3D_n1dk8"]

[sub_resource type="CapsuleMesh" id="CapsuleMesh_y2nx8"]

[sub_resource type="BoxShape3D" id="BoxShape3D_b08jh"]
size = Vector3(8.5, 3, 8.5)

[node name="SceneBase" type="Node3D"]

[node name="WorldEnvironment" type="WorldEnvironment" parent="."]
environment = SubResource("Environment_darlv")

[node name="Plane" type="StaticBody3D" parent="."]

[node name="CollisionShape3D" type="CollisionShape3D" parent="Plane"]
shape = SubResource("WorldBoundaryShape3D_pcbc6")

[node name="MeshInstance3D" type="MeshInstance3D" parent="Plane"]
material_override = SubResource("StandardMaterial3D_qclnt")
mesh = SubResource("PlaneMesh_e5fn1")

[node name="Camera3D" type="Camera3D" parent="."]
transform = Transform3D(1, 0, 0, 0, 0.897258, 0.441506, 0, -0.441506, 0.897258, 0, 4.446, 6.346)
script = ExtResource("2_gtoh7")

[node name="Player" type="CharacterBody3D" parent="."]
transform = Transform3D(1, 0, 0, 0, 1, 0, 0, 0, 1, 0, 1, 0)
script = ExtResource("2_bsqbg")

[node name="CollisionShape3D" type="CollisionShape3D" parent="Player"]
shape = SubResource("CapsuleShape3D_n1dk8")

[node name="MeshInstance3D" type="MeshInstance3D" parent="Player"]
mesh = SubResource("CapsuleMesh_y2nx8")

[node name="DirectionalLight3D" type="DirectionalLight3D" parent="."]
transform = Transform3D(0.707107, -0.612372, 0.353553, 0, 0.5, 0.866025, -0.707107, -0.612372, 0.353553, 0, 8, 0)
shadow_enabled = true

[node name="StaticCameraTrigger" type="Area3D" parent="."]
transform = Transform3D(1, 0, 0, 0, 1, 0, 0, 0, 1, -5, 0, -5)
script = ExtResource("4_vont0")

[node name="CollisionShape3D" type="CollisionShape3D" parent="StaticCameraTrigger"]
transform = Transform3D(1, 0, 0, 0, 1, 0, 0, 0, 1, 0, 1.62311, 0)
shape = SubResource("BoxShape3D_b08jh")

[node name="Target" type="Marker3D" parent="StaticCameraTrigger"]
transform = Transform3D(0.492424, 0.107577, -0.863682, 0, 0.992332, 0.123601, 0.870356, -0.0608643, 0.488648, -7.27797, 3.32381, 9.26741)

[connection signal="body_entered" from="StaticCameraTrigger" to="StaticCameraTrigger" method="_on_trigger_touched"]
